<HTML>
<TITLE>University of Wyoming - Radiosonde Data</TITLE>
<LINK REL="StyleSheet" HREF="/resources/select.css" TYPE="text/css">
<BODY BGCOLOR="white">
<H2>76256  Empalme, Son. Observations at 12Z 01 Feb 2016</H2>
<PRE>
-----------------------------------------------------------------------------
   PRES   HGHT   TEMP   DWPT   RELH   MIXR   DRCT   SKNT   THTA   THTE   THTV
    hPa     m      C      C      %    g/kg    deg   knot     K      K      K 
-----------------------------------------------------------------------------
 1011.0     12   16.0   16.0    100  11.43    270      3  288.2  320.3  290.2
 1007.0     46   17.4   14.9     85  10.68    287      8  290.0  320.2  291.8
 1005.0     63   17.4   14.6     83  10.47    295     10  290.1  319.8  292.0
 1000.0    106   17.4   13.7     79   9.94    295     11  290.6  318.8  292.3
  978.0    296   16.5   11.9     74   9.00    280     16  291.5  317.3  293.1
  976.0    313   16.4   11.7     74   8.92    281     16  291.6  317.1  293.1
  968.0    383   16.0   11.5     75   8.87    284     16  291.9  317.3  293.4
  954.0    507   14.9   11.1     78   8.79    290     17  292.0  317.2  293.5
  934.0    686   13.4   10.6     83   8.66    280     18  292.2  317.1  293.7
  925.0    768   13.6    9.8     78   8.28    275     19  293.2  317.2  294.7
  891.0   1085   16.8    0.8     34   4.57    232     25  299.7  313.6  300.5
  884.0   1153   16.8   -1.2     29   3.98    223     27  300.4  312.6  301.1
  882.0   1172   16.7   -1.4     29   3.93    220     27  300.4  312.5  301.1
  850.0   1485   14.4   -4.6     27   3.21    215     28  301.2  311.3  301.8
  816.0   1827   11.4   -6.6     28   2.87    223     33  301.6  310.6  302.1
  749.0   2532    5.8  -10.0     31   2.40    240     45  302.9  310.6  303.4
  727.0   2777    3.8  -11.2     33   2.25    242     48  303.4  310.6  303.8
  700.0   3083    2.4  -17.6     21   1.38    245     51  305.1  309.7  305.4
  699.0   3095    2.4  -17.6     21   1.38    245     51  305.2  309.8  305.5
  692.0   3176    2.4  -20.6     16   1.08    249     54  306.1  309.8  306.3
  684.0   3270    3.0  -28.0      8   0.56    253     57  307.8  309.8  307.9
  680.0   3317    3.4  -30.1      6   0.46    255     59  308.8  310.4  308.9
  676.0   3365    3.8  -32.2      5   0.38    255     59  309.7  311.1  309.8
  660.0   3559    2.8  -37.2      3   0.24    256     61  310.7  311.6  310.8
  644.0   3757    1.4  -39.6      3   0.19    256     63  311.3  312.1  311.4
  629.0   3946   -0.1  -40.1      3   0.19    257     65  311.7  312.4  311.8
  619.0   4074   -0.5  -39.5      3   0.20    257     66  312.7  313.5  312.7
  616.0   4113   -0.7  -37.7      4   0.24    257     67  312.9  313.8  312.9
  612.0   4165   -0.5  -35.5      5   0.31    257     67  313.7  314.9  313.8
  564.0   4813   -3.9  -32.9      8   0.43    259     73  317.1  318.7  317.2
  547.0   5054   -5.7  -35.7      7   0.33    260     76  317.8  319.0  317.8
  537.0   5197   -6.9  -35.5      8   0.35    260     77  318.0  319.4  318.1
  500.0   5750  -11.5  -34.5     13   0.41    255     72  318.9  320.5  319.0
  418.0   7097  -22.3  -35.3     30   0.46    259     80  321.9  323.6  321.9
  409.0   7257  -23.1  -37.1     27   0.39    260     81  322.8  324.3  322.9
  400.0   7420  -23.9  -38.9     24   0.33    262     71  323.8  325.1  323.9
  394.0   7530  -24.5  -40.5     21   0.28    264     64  324.5  325.6  324.5
  391.0   7585  -24.9  -41.3     20   0.26    265     61  324.7  325.7  324.7
  380.0   7791  -26.3  -44.4     17   0.20    265     89  325.4  326.2  325.5
  374.0   7905  -27.1  -46.1     15   0.16    263     85  325.9  326.6  325.9
  366.0   8059  -28.3  -47.9     13   0.14    260     80  326.3  326.9  326.4
  361.0   8157  -29.0  -49.1     13   0.12    265     88  326.6  327.1  326.6
  351.0   8358  -30.6  -51.5     11   0.10    250     73  327.2  327.6  327.2
  350.0   8378  -30.7  -51.7     11   0.09    251     74  327.3  327.6  327.3
  339.0   8603  -32.1  -54.1      9   0.07    263     87  328.4  328.7  328.4
  337.0   8644  -32.4  -54.4      9   0.07    265     89  328.5  328.8  328.5
  328.0   8834  -33.7  -55.7      9   0.06    263     75  329.3  329.5  329.3
  310.0   9224  -37.1  -58.5      9   0.05    260     47  329.8  330.0  329.9
  300.0   9450  -39.1  -60.1      9   0.04    260     93  330.1  330.3  330.1
  293.0   9611  -40.4  -60.8      9   0.04    260     95  330.6  330.7  330.6
  288.0   9729  -41.3  -61.3     10   0.03    261     96  330.9  331.0  330.9
  271.0  10140  -44.3  -61.3     13   0.04    263    100  332.3  332.5  332.3
  262.0  10366  -45.3  -62.3     13   0.03    265    102  334.1  334.3  334.1
  258.0  10469  -45.7  -62.7     13   0.03    263    107  335.0  335.1  335.0
  250.0  10680  -44.7  -61.7     13   0.04    260    116  339.5  339.6  339.5
  246.0  10788  -43.9  -60.9     13   0.04    250     98  342.2  342.4  342.2
  242.0  10898  -44.2  -61.6     13   0.04    260    111  343.4  343.6  343.4
  230.0  11238  -45.0  -63.9     10   0.03    265    112  347.2  347.3  347.2
  229.0  11267  -45.1  -64.1     10   0.03    260    108  347.5  347.6  347.5
  225.0  11385  -45.3                         240     90  348.9         348.9
  219.0  11565  -45.7                                     351.0         351.0
</PRE><H3>Station information and sounding indices</H3><PRE>
                             Station number: 76256
                           Observation time: 160201/1200
                           Station latitude: 27.95
                          Station longitude: -110.75
                          Station elevation: 12.0
                            Showalter index: 10.07
                               Lifted index: 6.11
    LIFT computed using virtual temperature: 5.87
                                SWEAT index: 233.34
                                    K index: 1.30
                         Cross totals index: 6.90
                      Vertical totals index: 25.90
                        Totals totals index: 32.80
      Convective Available Potential Energy: 0.00
             CAPE using virtual temperature: 0.00
                      Convective Inhibition: 0.00
             CINS using virtual temperature: 0.00
                     Bulk Richardson Number: 0.00
          Bulk Richardson Number using CAPV: 0.00
  Temp [K] of the Lifted Condensation Level: 284.84
Pres [hPa] of the Lifted Condensation Level: 926.50
     Mean mixed layer potential temperature: 291.14
              Mean mixed layer mixing ratio: 9.42
              1000 hPa to 500 hPa thickness: 5644.00
Precipitable water [mm] for entire sounding: 17.06
</PRE>
<H2>76256  Empalme, Son. Observations at 12Z 02 Feb 2016</H2>
<PRE>
-----------------------------------------------------------------------------
   PRES   HGHT   TEMP   DWPT   RELH   MIXR   DRCT   SKNT   THTA   THTE   THTV
    hPa     m      C      C      %    g/kg    deg   knot     K      K      K 
-----------------------------------------------------------------------------
 1015.0     12    9.2   -0.8     50   3.57    330      2  281.1  291.4  281.8
 1011.0     45    9.0   -2.0     46   3.28    360      3  281.3  290.7  281.8
 1009.0     62    9.4   -1.8     46   3.34     15      4  281.8  291.4  282.4
 1000.0    138   11.2   -0.8     43   3.62    340      6  284.4  294.8  285.0
  994.0    188   12.0   -1.2     40   3.55    330      8  285.7  296.0  286.3
  990.0    222   12.6   -1.4     38   3.50    332      9  286.6  296.8  287.2
  980.0    307   12.6   -3.4     33   3.05    337     10  287.4  296.4  287.9
  959.0    489   11.8   -6.2     28   2.52    348     13  288.4  296.0  288.8
  955.0    523   11.5   -6.2     29   2.54    350     14  288.4  296.1  288.9
  930.0    744    9.6   -5.9     33   2.67    340     20  288.7  296.7  289.1
  925.0    789    9.2   -5.8     34   2.69    340     20  288.7  296.8  289.2
  909.0    933    7.8   -5.2     39   2.87    336     19  288.7  297.3  289.2
  905.0    969    7.5   -4.7     42   2.99    335     19  288.8  297.7  289.3
  904.0    979    7.4   -4.6     42   3.02    335     19  288.8  297.8  289.3
  890.0   1107    6.4   -2.6     53   3.56    331     19  289.0  299.6  289.6
  869.0   1302    5.1   -5.8     45   2.86    325     20  289.6  298.2  290.1
  868.0   1311    5.0   -6.0     45   2.83    325     20  289.6  298.1  290.1
  859.0   1396    4.4   -6.6     45   2.73    322     19  289.9  298.1  290.4
  850.0   1482    3.8   -7.2     44   2.63    320     19  290.1  298.1  290.6
  825.0   1724    2.2  -13.8     30   1.60    337     18  290.9  295.9  291.2
  821.0   1763    2.0  -13.7     30   1.62    340     18  291.1  296.1  291.4
  798.0   1991    0.6  -13.4     34   1.71    312     24  292.0  297.3  292.3
  777.0   2207    3.7  -25.3     10   0.64    285     30  297.6  299.7  297.7
  766.0   2322    5.4  -31.6      5   0.36    285     32  300.6  301.9  300.7
  749.0   2505    5.0  -38.0      3   0.19    285     36  302.1  302.8  302.1
  746.0   2537    4.8  -37.8      3   0.20    285     37  302.2  302.9  302.2
  700.0   3052    1.4  -34.6      5   0.29    275     40  304.0  305.1  304.1
  694.0   3121    0.8  -32.7      6   0.36    270     40  304.0  305.3  304.1
  686.0   3214   -0.1  -30.1      8   0.46    269     40  304.1  305.7  304.2
  683.0   3249   -0.5  -29.5      9   0.49    269     40  304.0  305.8  304.1
  629.0   3899   -6.7  -25.7     20   0.75    263     40  304.2  306.8  304.3
  598.0   4290  -10.1  -32.7     14   0.41    260     40  304.7  306.2  304.8
  587.0   4433  -11.3  -35.3     12   0.32    262     43  304.9  306.1  305.0
  581.0   4512  -12.1  -37.1     11   0.27    263     44  304.9  305.9  304.9
  548.0   4955  -15.7  -22.7     55   1.13    269     53  305.7  309.6  305.9
  544.0   5010  -16.1  -23.1     55   1.10    270     54  305.9  309.6  306.1
  509.0   5507  -19.6  -26.6     54   0.86    275     52  307.6  310.5  307.7
  500.0   5640  -20.5  -27.5     54   0.80    270     52  308.0  310.8  308.1
  483.0   5894  -22.9  -29.9     53   0.67    270     55  308.1  310.4  308.2
  455.0   6329  -26.1  -38.1     31   0.32    270     60  309.4  310.6  309.4
  452.0   6376  -26.6  -39.2     29   0.28    270     61  309.4  310.4  309.4
  450.0   6408  -26.9  -39.9     28   0.27    270     62  309.4  310.3  309.4
  444.0   6505  -26.9  -41.9     23   0.22    268     66  310.5  311.4  310.6
  430.0   6737  -25.5  -46.1     13   0.14    265     76  315.2  315.7  315.2
  424.0   6838  -24.9  -47.9     10   0.12    263     83  317.2  317.7  317.2
  416.0   6976  -25.2  -50.0      8   0.10    260     92  318.5  318.9  318.5
  406.0   7152  -25.7  -52.7      6   0.07    254     88  320.1  320.4  320.1
  400.0   7260  -26.1  -53.1      6   0.07    250     85  321.0  321.3  321.0
  387.0   7498  -27.5  -54.5      6   0.06    265    109  322.2  322.5  322.3
  381.0   7611  -28.1  -55.1      6   0.06    265    105  322.8  323.1  322.9
  368.0   7859  -29.3  -55.6      6   0.06    265     97  324.5  324.8  324.5
  361.0   7997  -29.9  -55.9      6   0.05    265    103  325.4  325.7  325.5
  352.0   8174  -31.3  -57.3      6   0.05    265    110  326.0  326.2  326.0
  323.0   8780  -35.9  -61.9      5   0.03    270    116  327.6  327.8  327.6
  322.0   8801  -36.1  -62.1      5   0.03    270    117  327.7  327.8  327.7
  316.0   8931  -36.9  -62.9      5   0.03    270    126  328.3  328.4  328.3
  310.0   9064  -37.7  -63.7      5   0.02    255    109  329.0  329.1  329.0
  300.0   9290  -39.1  -65.1      5   0.02    255    128  330.1  330.2  330.1
  294.0   9425  -40.0  -65.4      5   0.02    260    131  330.8  330.9  330.9
  288.0   9563  -40.8  -65.8      5   0.02    260    130  331.6  331.6  331.6
  228.0  11124  -50.7  -69.7      9   0.01                339.4  339.4  339.4
  217.0  11447  -48.7  -68.7      8   0.02                347.3  347.4  347.3
  210.0  11662  -49.9                                     348.7         348.7
</PRE><H3>Station information and sounding indices</H3><PRE>
                             Station number: 76256
                           Observation time: 160202/1200
                           Station latitude: 27.95
                          Station longitude: -110.75
                          Station elevation: 12.0
                            Showalter index: 9.84
                               Lifted index: 11.94
    LIFT computed using virtual temperature: 11.99
                                SWEAT index: 90.00
                                    K index: -18.90
                         Cross totals index: 13.30
                      Vertical totals index: 24.30
                        Totals totals index: 37.60
      Convective Available Potential Energy: 0.00
             CAPE using virtual temperature: 0.00
                      Convective Inhibition: 0.00
             CINS using virtual temperature: 0.00
                     Bulk Richardson Number: 0.00
          Bulk Richardson Number using CAPV: 0.00
  Temp [K] of the Lifted Condensation Level: 267.23
Pres [hPa] of the Lifted Condensation Level: 789.33
     Mean mixed layer potential temperature: 285.94
              Mean mixed layer mixing ratio: 3.16
              1000 hPa to 500 hPa thickness: 5502.00
Precipitable water [mm] for entire sounding: 8.26
</PRE>
<H2>76256  Empalme, Son. Observations at 12Z 03 Feb 2016</H2>
<PRE>
-----------------------------------------------------------------------------
   PRES   HGHT   TEMP   DWPT   RELH   MIXR   DRCT   SKNT   THTA   THTE   THTV
    hPa     m      C      C      %    g/kg    deg   knot     K      K      K 
-----------------------------------------------------------------------------
 1019.0     12    8.0   -5.0     39   2.60      0      1  279.6  287.1  280.1
 1005.0    129    8.2   -4.8     39   2.67    334      9  280.9  288.7  281.4
 1000.0    171    9.8   -5.2     34   2.61    325     12  282.9  290.6  283.4
  989.0    263   12.6   -8.9     22   1.99    340     16  286.6  292.6  286.9
  988.0    272   12.8   -9.2     21   1.94    340     16  286.9  292.8  287.3
  979.0    348   13.0  -11.0     18   1.69    343     18  287.9  293.1  288.2
  954.0    564   12.3  -20.1      9   0.81    350     22  289.3  291.9  289.4
  932.0    759   11.6  -28.4      4   0.40    354     24  290.5  291.9  290.6
  925.0    822   11.0  -29.0      4   0.38    355     24  290.6  291.8  290.6
  919.0    876   10.6  -29.4      4   0.37    355     25  290.7  291.9  290.8
  894.0   1104    8.6  -25.4      7   0.55    355     27  290.9  292.7  291.0
  888.0   1159    8.2  -24.6      8   0.59    355     28  291.1  293.1  291.2
  850.0   1518    5.8  -19.2     15   0.99    350     23  292.2  295.4  292.4
  839.0   1624    5.6  -19.4     15   0.99    345     22  293.1  296.3  293.3
  830.0   1712    5.0  -18.0     17   1.12    342     21  293.4  297.0  293.6
  815.0   1860    4.1  -16.3     21   1.32    335     19  293.9  298.1  294.2
  785.0   2165    2.2  -12.8     32   1.83    330     27  295.1  300.8  295.4
  756.0   2467    0.0  -11.0     43   2.19    325     34  295.9  302.7  296.3
  754.0   2488   -0.2  -11.2     43   2.17    325     35  295.9  302.7  296.3
  748.0   2552   -0.7  -11.7     43   2.10    323     36  296.0  302.6  296.4
  740.0   2638    0.4  -13.6     34   1.82    320     37  298.1  303.9  298.4
  730.0   2748    1.0  -17.0     25   1.39    316     38  299.9  304.5  300.2
  716.0   2903    1.3  -19.5     20   1.15    310     40  301.9  305.7  302.1
  700.0   3085    1.6  -22.4     15   0.91    310     39  304.2  307.3  304.4
  698.0   3108    1.6  -23.4     14   0.84    310     39  304.5  307.3  304.6
  694.0   3154    1.6  -23.4     14   0.84    311     40  305.0  307.9  305.1
  691.0   3189    1.6  -22.4     15   0.92    311     40  305.4  308.5  305.5
  663.0   3520   -0.7  -21.7     19   1.02    315     45  306.4  309.9  306.6
  653.0   3642   -1.5  -21.5     20   1.06    312     44  306.8  310.4  307.0
  640.0   3802   -2.5  -22.5     20   0.99    307     42  307.5  310.8  307.6
  607.0   4217   -4.6  -24.6     19   0.87    295     37  309.8  312.8  309.9
  556.0   4905   -8.0  -28.0     18   0.69    300     39  313.5  316.0  313.7
  552.0   4962   -8.3  -28.3     18   0.68    300     40  313.9  316.3  314.0
  532.0   5246  -10.7  -28.7     21   0.68    298     43  314.3  316.7  314.4
  500.0   5720  -14.3  -31.3     22   0.56    295     49  315.5  317.6  315.6
  496.0   5781  -14.8  -32.1     21   0.53    295     49  315.7  317.6  315.8
  476.0   6091  -17.1  -36.1     18   0.37    295     46  316.6  317.9  316.6
  465.0   6266  -18.5  -37.5     17   0.33    295     45  316.9  318.1  316.9
  456.0   6411  -19.8  -38.8     17   0.30    280     36  317.1  318.3  317.2
  449.0   6527  -20.7  -39.7     17   0.27    287     45  317.4  318.4  317.4
  446.0   6576  -21.1  -40.0     17   0.27    290     49  317.5  318.5  317.5
  441.0   6659  -21.8  -40.4     17   0.26    250     29  317.7  318.6  317.7
  425.0   6931  -23.9  -41.9     17   0.23    290     47  318.3  319.2  318.3
  423.0   6965  -24.2  -42.1     17   0.22    295     49  318.3  319.2  318.4
  404.0   7298  -27.3  -44.3     18   0.19    287     52  318.5  319.2  318.6
  400.0   7370  -28.1  -45.1     18   0.17    285     53  318.4  319.1  318.4
  376.0   7810  -30.8  -47.1     19   0.15    265     46  320.4  321.0  320.5
  372.0   7886  -31.3  -47.5     19   0.14    280     60  320.8  321.4  320.8
  367.0   7983  -31.9  -47.9     19   0.14    281     60  321.2  321.8  321.3
  351.0   8290  -34.6  -49.9     20   0.11    285     61  321.7  322.2  321.8
  336.0   8591  -37.2  -51.8     20   0.10    270     50  322.2  322.6  322.2
  320.0   8927  -40.2  -54.0     21   0.08    280     50  322.6  322.9  322.6
  316.0   9014  -41.0  -54.6     22   0.07    280     65  322.7  323.0  322.7
  310.0   9146  -42.1  -55.4     22   0.07      0      0  322.9  323.1  322.9
  304.0   9281  -43.3  -56.3     22   0.06    296     50  323.0  323.2  323.0
  302.0   9325  -43.7  -56.7     22   0.06    275     67  323.0  323.3  323.1
  300.0   9370  -44.1  -57.1     22   0.06    265     57  323.1  323.3  323.1
  284.0   9735  -47.3                                     323.6         323.6
</PRE><H3>Station information and sounding indices</H3><PRE>
                             Station number: 76256
                           Observation time: 160203/1200
                           Station latitude: 27.95
                          Station longitude: -110.75
                          Station elevation: 12.0
                            Showalter index: 17.94
                               Lifted index: 21.27
    LIFT computed using virtual temperature: 21.31
                                SWEAT index: 95.01
                                    K index: -23.10
                         Cross totals index: -4.90
                      Vertical totals index: 20.10
                        Totals totals index: 15.20
      Convective Available Potential Energy: 0.00
             CAPE using virtual temperature: 0.00
                      Convective Inhibition: 0.00
             CINS using virtual temperature: 0.00
                     Bulk Richardson Number: 0.00
          Bulk Richardson Number using CAPV: 0.00
  Temp [K] of the Lifted Condensation Level: 259.97
Pres [hPa] of the Lifted Condensation Level: 724.41
     Mean mixed layer potential temperature: 285.08
              Mean mixed layer mixing ratio: 2.02
              1000 hPa to 500 hPa thickness: 5549.00
Precipitable water [mm] for entire sounding: 6.35
</PRE>
<P>Description of the 
<A HREF="/upperair/columns.html">data columns</A>
or <A HREF="/upperair/indices.html">sounding indices</A>.

<P>
<FORM>
<INPUT CLASS="button" TYPE="button" VALUE=" Close this window " 
 onClick="window.close();">
<INPUT CLASS="button" TYPE="button" VALUE=" Select another map " 
 onClick="window.blur();">
</FORM>
<HR SIZE="1">
<I>Interested in graduate studies in atmospheric science?
Check out our program at the
<a href="http://www.uwyo.edu/atsc/howtoapply/"
target=_top>University of Wyoming
</a></I>
<HR SIZE="1"><FONT SIZE="-1">
Questions about the weather data provided by this site can be
addressed to <A HREF="mailto:ldoolman@uwyo.edu">
Larry Oolman (ldoolman@uwyo.edu)</A></FONT>
<HR SIZE="1">
<SCRIPT TYPE="text/javascript">
<!--
window.focus();
// -->
</SCRIPT>
</BODY>
</HTML>
